zzz ***Sat Mar 6 10:53:53 EST 2021
disk- ------------reads------------ ------------writes----------- -----IO------
       total merged sectors      ms  total merged sectors      ms    cur    sec
sda   175013 101777 47852357  964977 1361621  92186 275743353 1407140      0   1300
sdb    11800    177 1009079   98895 219822  63426 35244512 8941853      0   1374
sdc   110199    391 96020381 1055846 311566  51388 686360138 50598019      0   2238
sdd      466      0   56769     995      0      0       0       0      0      1
sr0        0      0       0       0      0      0       0       0      0      0
dm-0  271226      0 47493248 2672152 1427175      0 274404520 1252488      0   1215
sde      762      0   72504     999      0      0       0       0      0      0
sdf        0      0       0       0      0      0       0       0      0      0
dm-1  111948      0 95964171 1047144 109465      0 686360138 14669216      0   1459
dm-2     336      0    9776     136   1655      0   13224   11576      0      3
dm-3   11313      0  899145   98792 275328      0 37115760 10310628      0   1352
loop0  31518      0 20724350  143834      0      0       0       0      0    144
loop1   1597      0   18940     574      0      0       0       0      0      0
loop2      0      0       0       0      0      0       0       0      0      0
loop3      0      0       0       0      0      0       0       0      0      0
loop4      0      0       0       0      0      0       0       0      0      0
loop5      0      0       0       0      0      0       0       0      0      0
loop6      0      0       0       0      0      0       0       0      0      0
loop7      0      0       0       0      0      0       0       0      0      0
zzz ***Sat Mar 6 10:54:13 EST 2021
disk- ------------reads------------ ------------writes----------- -----IO------
       total merged sectors      ms  total merged sectors      ms    cur    sec
sda   175013 101777 47852357  964977 1361624  92186 275743369 1407146      0   1300
sdb    11800    177 1009079   98895 219836  63428 35244712 8941934      0   1374
sdc   110199    391 96020381 1055846 311566  51388 686360138 50598019      0   2238
sdd      466      0   56769     995      0      0       0       0      0      1
sr0        0      0       0       0      0      0       0       0      0      0
dm-0  271226      0 47493248 2672152 1427177      0 274404536 1252492      0   1215
sde      762      0   72504     999      0      0       0       0      0      0
sdf        0      0       0       0      0      0       0       0      0      0
dm-1  111948      0 95964171 1047144 109465      0 686360138 14669216      0   1459
dm-2     336      0    9776     136   1655      0   13224   11576      0      3
dm-3   11313      0  899145   98792 275344      0 37115976 10310692      0   1352
loop0  31518      0 20724350  143834      0      0       0       0      0    144
loop1   1597      0   18940     574      0      0       0       0      0      0
loop2      0      0       0       0      0      0       0       0      0      0
loop3      0      0       0       0      0      0       0       0      0      0
loop4      0      0       0       0      0      0       0       0      0      0
loop5      0      0       0       0      0      0       0       0      0      0
loop6      0      0       0       0      0      0       0       0      0      0
loop7      0      0       0       0      0      0       0       0      0      0
zzz ***Sat Mar 6 10:55:41 EST 2021
disk- ------------reads------------ ------------writes----------- -----IO------
       total merged sectors      ms  total merged sectors      ms    cur    sec
sda   175013 101777 47852357  964977 1361711  92194 275755577 1407260      0   1300
sdb    11800    177 1009079   98895 219893  63439 35245848 8942427      0   1375
sdc   110199    391 96020381 1055846 311566  51388 686360138 50598019      0   2238
sdd      466      0   56769     995      0      0       0       0      0      1
sr0        0      0       0       0      0      0       0       0      0      0
dm-0  271226      0 47493248 2672152 1427263      0 274416648 1252564      0   1215
sde      762      0   72504     999      0      0       0       0      0      0
sdf        0      0       0       0      0      0       0       0      0      0
dm-1  111948      0 95964171 1047144 109465      0 686360138 14669216      0   1459
dm-2     336      0    9776     136   1655      0   13224   11576      0      3
dm-3   11313      0  899145   98792 275418      0 37117296 10311076      0   1352
loop0  31518      0 20724350  143834      0      0       0       0      0    144
loop1   1597      0   18940     574      0      0       0       0      0      0
loop2      0      0       0       0      0      0       0       0      0      0
loop3      0      0       0       0      0      0       0       0      0      0
loop4      0      0       0       0      0      0       0       0      0      0
loop5      0      0       0       0      0      0       0       0      0      0
loop6      0      0       0       0      0      0       0       0      0      0
loop7      0      0       0       0      0      0       0       0      0      0
zzz ***Sat Mar 6 10:59:28 EST 2021
disk- ------------reads------------ ------------writes----------- -----IO------
       total merged sectors      ms  total merged sectors      ms    cur    sec
sda   175013 101777 47852357  964977 1361888  92206 275784609 1407496      0   1300
sdb    11800    177 1009079   98895 219992  63448 35248072 8943180      0   1375
sdc   110199    391 96020381 1055846 311566  51388 686360138 50598019      0   2238
sdd      466      0   56769     995      0      0       0       0      0      1
sr0        0      0       0       0      0      0       0       0      0      0
dm-0  271226      0 47493248 2672152 1427439      0 274445656 1252740      0   1215
sde      762      0   72504     999      0      0       0       0      0      0
sdf        0      0       0       0      0      0       0       0      0      0
dm-1  111948      0 95964171 1047144 109465      0 686360138 14669216      0   1459
dm-2     336      0    9776     136   1655      0   13224   11576      0      3
dm-3   11313      0  899145   98792 275529      0 37119768 10311712      0   1353
loop0  31518      0 20724350  143834      0      0       0       0      0    144
loop1   1597      0   18940     574      0      0       0       0      0      0
loop2      0      0       0       0      0      0       0       0      0      0
loop3      0      0       0       0      0      0       0       0      0      0
loop4      0      0       0       0      0      0       0       0      0      0
loop5      0      0       0       0      0      0       0       0      0      0
loop6      0      0       0       0      0      0       0       0      0      0
loop7      0      0       0       0      0      0       0       0      0      0
