zzz ***Sat Mar 6 11:22:12 EST 2021
disk- ------------reads------------ ------------writes----------- -----IO------
       total merged sectors      ms  total merged sectors      ms    cur    sec
sda   175013 101777 47852357  964977 1362749  92245 275906745 1408484      0   1302
sdb    11800    177 1009079   98895 220378  63500 35256056 8946377      0   1378
sdc   110199    391 96020381 1055846 311566  51388 686360138 50598019      0   2238
sdd      466      0   56769     995      0      0       0       0      0      1
sr0        0      0       0       0      0      0       0       0      0      0
dm-0  271226      0 47493248 2672152 1428277      0 274567312 1253364      0   1216
sde      762      0   72504     999      0      0       0       0      0      0
sdf        0      0       0       0      0      0       0       0      0      0
dm-1  111948      0 95964171 1047144 109465      0 686360138 14669216      0   1459
dm-2     336      0    9776     136   1655      0   13224   11576      0      3
dm-3   11313      0  899145   98792 275994      0 37129008 10314468      0   1356
loop0  31518      0 20724350  143834      0      0       0       0      0    144
loop1   1597      0   18940     574      0      0       0       0      0      0
loop2      0      0       0       0      0      0       0       0      0      0
loop3      0      0       0       0      0      0       0       0      0      0
loop4      0      0       0       0      0      0       0       0      0      0
loop5      0      0       0       0      0      0       0       0      0      0
loop6      0      0       0       0      0      0       0       0      0      0
loop7      0      0       0       0      0      0       0       0      0      0
zzz ***Sat Mar 6 11:22:42 EST 2021
disk- ------------reads------------ ------------writes----------- -----IO------
       total merged sectors      ms  total merged sectors      ms    cur    sec
sda   175013 101777 47852357  964977 1362787  92246 275910625 1408532      0   1302
sdb    11800    177 1009079   98895 220400  63506 35256952 8946521      0   1378
sdc   110199    391 96020381 1055846 311566  51388 686360138 50598019      0   2238
sdd      466      0   56769     995      0      0       0       0      0      1
sr0        0      0       0       0      0      0       0       0      0      0
dm-0  271226      0 47493248 2672152 1428309      0 274571112 1253372      0   1216
sde      762      0   72504     999      0      0       0       0      0      0
sdf        0      0       0       0      0      0       0       0      0      0
dm-1  111948      0 95964171 1047144 109465      0 686360138 14669216      0   1459
dm-2     336      0    9776     136   1655      0   13224   11576      0      3
dm-3   11313      0  899145   98792 276026      0 37130080 10314596      0   1356
loop0  31518      0 20724350  143834      0      0       0       0      0    144
loop1   1597      0   18940     574      0      0       0       0      0      0
loop2      0      0       0       0      0      0       0       0      0      0
loop3      0      0       0       0      0      0       0       0      0      0
loop4      0      0       0       0      0      0       0       0      0      0
loop5      0      0       0       0      0      0       0       0      0      0
loop6      0      0       0       0      0      0       0       0      0      0
loop7      0      0       0       0      0      0       0       0      0      0
zzz ***Sat Mar 6 11:23:13 EST 2021
disk- ------------reads------------ ------------writes----------- -----IO------
       total merged sectors      ms  total merged sectors      ms    cur    sec
sda   175013 101777 47852357  964977 1362811  92247 275914793 1408561      0   1302
sdb    11800    177 1009079   98895 220427  63510 35257416 8946757      0   1378
sdc   110199    391 96020381 1055846 311566  51388 686360138 50598019      0   2238
sdd      466      0   56769     995      0      0       0       0      0      1
sr0        0      0       0       0      0      0       0       0      0      0
dm-0  271226      0 47493248 2672152 1428331      0 274575240 1253388      0   1216
sde      762      0   72504     999      0      0       0       0      0      0
sdf        0      0       0       0      0      0       0       0      0      0
dm-1  111948      0 95964171 1047144 109465      0 686360138 14669216      0   1459
dm-2     336      0    9776     136   1655      0   13224   11576      0      3
dm-3   11313      0  899145   98792 276059      0 37130600 10314772      0   1356
loop0  31518      0 20724350  143834      0      0       0       0      0    144
loop1   1597      0   18940     574      0      0       0       0      0      0
loop2      0      0       0       0      0      0       0       0      0      0
loop3      0      0       0       0      0      0       0       0      0      0
loop4      0      0       0       0      0      0       0       0      0      0
loop5      0      0       0       0      0      0       0       0      0      0
loop6      0      0       0       0      0      0       0       0      0      0
loop7      0      0       0       0      0      0       0       0      0      0
zzz ***Sat Mar 6 11:23:43 EST 2021
disk- ------------reads------------ ------------writes----------- -----IO------
       total merged sectors      ms  total merged sectors      ms    cur    sec
sda   175013 101777 47852357  964977 1362814  92247 275914809 1408567      0   1302
sdb    11800    177 1009079   98895 220434  63510 35257504 8946820      0   1378
sdc   110199    391 96020381 1055846 311566  51388 686360138 50598019      0   2238
sdd      466      0   56769     995      0      0       0       0      0      1
sr0        0      0       0       0      0      0       0       0      0      0
dm-0  271226      0 47493248 2672152 1428333      0 274575256 1253388      0   1216
sde      762      0   72504     999      0      0       0       0      0      0
sdf        0      0       0       0      0      0       0       0      0      0
dm-1  111948      0 95964171 1047144 109465      0 686360138 14669216      0   1459
dm-2     336      0    9776     136   1655      0   13224   11576      0      3
dm-3   11313      0  899145   98792 276066      0 37130712 10314832      0   1356
loop0  31518      0 20724350  143834      0      0       0       0      0    144
loop1   1597      0   18940     574      0      0       0       0      0      0
loop2      0      0       0       0      0      0       0       0      0      0
loop3      0      0       0       0      0      0       0       0      0      0
loop4      0      0       0       0      0      0       0       0      0      0
loop5      0      0       0       0      0      0       0       0      0      0
loop6      0      0       0       0      0      0       0       0      0      0
loop7      0      0       0       0      0      0       0       0      0      0
zzz ***Sat Mar 6 11:24:14 EST 2021
disk- ------------reads------------ ------------writes----------- -----IO------
       total merged sectors      ms  total merged sectors      ms    cur    sec
sda   175013 101777 47852357  964977 1362848  92248 275918457 1408608      0   1302
sdb    11800    177 1009079   98895 220446  63511 35257656 8946917      0   1379
sdc   110199    391 96020381 1055846 311566  51388 686360138 50598019      0   2238
sdd      466      0   56769     995      0      0       0       0      0      1
sr0        0      0       0       0      0      0       0       0      0      0
dm-0  271226      0 47493248 2672152 1428366      0 274578896 1253424      0   1216
sde      762      0   72504     999      0      0       0       0      0      0
sdf        0      0       0       0      0      0       0       0      0      0
dm-1  111948      0 95964171 1047144 109465      0 686360138 14669216      0   1459
dm-2     336      0    9776     136   1655      0   13224   11576      0      3
dm-3   11313      0  899145   98792 276080      0 37130888 10314920      0   1356
loop0  31518      0 20724350  143834      0      0       0       0      0    144
loop1   1597      0   18940     574      0      0       0       0      0      0
loop2      0      0       0       0      0      0       0       0      0      0
loop3      0      0       0       0      0      0       0       0      0      0
loop4      0      0       0       0      0      0       0       0      0      0
loop5      0      0       0       0      0      0       0       0      0      0
loop6      0      0       0       0      0      0       0       0      0      0
loop7      0      0       0       0      0      0       0       0      0      0
zzz ***Sat Mar 6 11:24:44 EST 2021
disk- ------------reads------------ ------------writes----------- -----IO------
       total merged sectors      ms  total merged sectors      ms    cur    sec
sda   175013 101777 47852357  964977 1362880  92248 275923177 1408637      0   1302
sdb    11800    177 1009079   98895 220461  63511 35257864 8947063      0   1379
sdc   110199    391 96020381 1055846 311566  51388 686360138 50598019      0   2238
sdd      466      0   56769     995      0      0       0       0      0      1
sr0        0      0       0       0      0      0       0       0      0      0
dm-0  271226      0 47493248 2672152 1428397      0 274583616 1253448      0   1216
sde      762      0   72504     999      0      0       0       0      0      0
sdf        0      0       0       0      0      0       0       0      0      0
dm-1  111948      0 95964171 1047144 109465      0 686360138 14669216      0   1459
dm-2     336      0    9776     136   1655      0   13224   11576      0      3
dm-3   11313      0  899145   98792 276095      0 37131104 10315048      0   1356
loop0  31518      0 20724350  143834      0      0       0       0      0    144
loop1   1597      0   18940     574      0      0       0       0      0      0
loop2      0      0       0       0      0      0       0       0      0      0
loop3      0      0       0       0      0      0       0       0      0      0
loop4      0      0       0       0      0      0       0       0      0      0
loop5      0      0       0       0      0      0       0       0      0      0
loop6      0      0       0       0      0      0       0       0      0      0
loop7      0      0       0       0      0      0       0       0      0      0
zzz ***Sat Mar 6 11:25:15 EST 2021
disk- ------------reads------------ ------------writes----------- -----IO------
       total merged sectors      ms  total merged sectors      ms    cur    sec
sda   175013 101777 47852357  964977 1362906  92248 275926529 1408663      0   1302
sdb    11800    177 1009079   98895 220470  63511 35258192 8947159      0   1379
sdc   110199    391 96020381 1055846 311566  51388 686360138 50598019      0   2238
sdd      466      0   56769     995      0      0       0       0      0      1
sr0        0      0       0       0      0      0       0       0      0      0
dm-0  271226      0 47493248 2672152 1428421      0 274586968 1253456      0   1216
sde      762      0   72504     999      0      0       0       0      0      0
sdf        0      0       0       0      0      0       0       0      0      0
dm-1  111948      0 95964171 1047144 109465      0 686360138 14669216      0   1459
dm-2     336      0    9776     136   1655      0   13224   11576      0      3
dm-3   11313      0  899145   98792 276104      0 37131480 10315140      0   1357
loop0  31518      0 20724350  143834      0      0       0       0      0    144
loop1   1597      0   18940     574      0      0       0       0      0      0
loop2      0      0       0       0      0      0       0       0      0      0
loop3      0      0       0       0      0      0       0       0      0      0
loop4      0      0       0       0      0      0       0       0      0      0
loop5      0      0       0       0      0      0       0       0      0      0
loop6      0      0       0       0      0      0       0       0      0      0
loop7      0      0       0       0      0      0       0       0      0      0
zzz ***Sat Mar 6 11:25:45 EST 2021
disk- ------------reads------------ ------------writes----------- -----IO------
       total merged sectors      ms  total merged sectors      ms    cur    sec
sda   175013 101777 47852357  964977 1362938  92248 275929889 1408687      0   1302
sdb    11800    177 1009079   98895 220484  63511 35258424 8947234      0   1379
sdc   110199    391 96020381 1055846 311566  51388 686360138 50598019      0   2238
sdd      466      0   56769     995      0      0       0       0      0      1
sr0        0      0       0       0      0      0       0       0      0      0
dm-0  271226      0 47493248 2672152 1428451      0 274590320 1253464      0   1216
sde      762      0   72504     999      0      0       0       0      0      0
sdf        0      0       0       0      0      0       0       0      0      0
dm-1  111948      0 95964171 1047144 109465      0 686360138 14669216      0   1459
dm-2     336      0    9776     136   1655      0   13224   11576      0      3
dm-3   11313      0  899145   98792 276119      0 37131760 10315200      0   1357
loop0  31518      0 20724350  143834      0      0       0       0      0    144
loop1   1597      0   18940     574      0      0       0       0      0      0
loop2      0      0       0       0      0      0       0       0      0      0
loop3      0      0       0       0      0      0       0       0      0      0
loop4      0      0       0       0      0      0       0       0      0      0
loop5      0      0       0       0      0      0       0       0      0      0
loop6      0      0       0       0      0      0       0       0      0      0
loop7      0      0       0       0      0      0       0       0      0      0
zzz ***Sat Mar 6 11:26:16 EST 2021
disk- ------------reads------------ ------------writes----------- -----IO------
       total merged sectors      ms  total merged sectors      ms    cur    sec
sda   175013 101777 47852357  964977 1362941  92250 275929969 1408693      0   1302
sdb    11800    177 1009079   98895 220513  63523 35259112 8947460      0   1379
sdc   110199    391 96020381 1055846 311566  51388 686360138 50598019      0   2238
sdd      466      0   56769     995      0      0       0       0      0      1
sr0        0      0       0       0      0      0       0       0      0      0
dm-0  271226      0 47493248 2672152 1428451      0 274590320 1253464      0   1216
sde      762      0   72504     999      0      0       0       0      0      0
sdf        0      0       0       0      0      0       0       0      0      0
dm-1  111948      0 95964171 1047144 109465      0 686360138 14669216      0   1459
dm-2     336      0    9776     136   1655      0   13224   11576      0      3
dm-3   11313      0  899145   98792 276164      0 37132560 10315372      0   1357
loop0  31518      0 20724350  143834      0      0       0       0      0    144
loop1   1597      0   18940     574      0      0       0       0      0      0
loop2      0      0       0       0      0      0       0       0      0      0
loop3      0      0       0       0      0      0       0       0      0      0
loop4      0      0       0       0      0      0       0       0      0      0
loop5      0      0       0       0      0      0       0       0      0      0
loop6      0      0       0       0      0      0       0       0      0      0
loop7      0      0       0       0      0      0       0       0      0      0
zzz ***Sat Mar 6 11:26:46 EST 2021
disk- ------------reads------------ ------------writes----------- -----IO------
       total merged sectors      ms  total merged sectors      ms    cur    sec
sda   175013 101777 47852357  964977 1362972  92250 275933417 1408715      0   1302
sdb    11800    177 1009079   98895 220532  63523 35259384 8947505      0   1379
sdc   110199    391 96020381 1055846 311566  51388 686360138 50598019      0   2238
sdd      466      0   56769     995      0      0       0       0      0      1
sr0        0      0       0       0      0      0       0       0      0      0
dm-0  271226      0 47493248 2672152 1428481      0 274593736 1253476      0   1216
sde      762      0   72504     999      0      0       0       0      0      0
sdf        0      0       0       0      0      0       0       0      0      0
dm-1  111948      0 95964171 1047144 109465      0 686360138 14669216      0   1459
dm-2     336      0    9776     136   1655      0   13224   11576      0      3
dm-3   11313      0  899145   98792 276184      0 37132864 10315372      0   1357
loop0  31518      0 20724350  143834      0      0       0       0      0    144
loop1   1597      0   18940     574      0      0       0       0      0      0
loop2      0      0       0       0      0      0       0       0      0      0
loop3      0      0       0       0      0      0       0       0      0      0
loop4      0      0       0       0      0      0       0       0      0      0
loop5      0      0       0       0      0      0       0       0      0      0
loop6      0      0       0       0      0      0       0       0      0      0
loop7      0      0       0       0      0      0       0       0      0      0
zzz ***Sat Mar 6 11:27:17 EST 2021
disk- ------------reads------------ ------------writes----------- -----IO------
       total merged sectors      ms  total merged sectors      ms    cur    sec
sda   175013 101777 47852357  964977 1362999  92250 275936609 1408737      0   1302
sdb    11800    177 1009079   98895 220535  63523 35259400 8947551      0   1379
sdc   110199    391 96020381 1055846 311566  51388 686360138 50598019      0   2238
sdd      466      0   56769     995      0      0       0       0      0      1
sr0        0      0       0       0      0      0       0       0      0      0
dm-0  271226      0 47493248 2672152 1428507      0 274596928 1253484      0   1216
sde      762      0   72504     999      0      0       0       0      0      0
sdf        0      0       0       0      0      0       0       0      0      0
dm-1  111948      0 95964171 1047144 109465      0 686360138 14669216      0   1459
dm-2     336      0    9776     136   1655      0   13224   11576      0      3
dm-3   11313      0  899145   98792 276187      0 37132888 10315420      0   1357
loop0  31518      0 20724350  143834      0      0       0       0      0    144
loop1   1597      0   18940     574      0      0       0       0      0      0
loop2      0      0       0       0      0      0       0       0      0      0
loop3      0      0       0       0      0      0       0       0      0      0
loop4      0      0       0       0      0      0       0       0      0      0
loop5      0      0       0       0      0      0       0       0      0      0
loop6      0      0       0       0      0      0       0       0      0      0
loop7      0      0       0       0      0      0       0       0      0      0
zzz ***Sat Mar 6 11:27:47 EST 2021
disk- ------------reads------------ ------------writes----------- -----IO------
       total merged sectors      ms  total merged sectors      ms    cur    sec
sda   175013 101777 47852357  964977 1363000  92250 275936609 1408739      0   1302
sdb    11800    177 1009079   98895 220538  63523 35259416 8947591      0   1379
sdc   110199    391 96020381 1055846 311566  51388 686360138 50598019      0   2238
sdd      466      0   56769     995      0      0       0       0      0      1
sr0        0      0       0       0      0      0       0       0      0      0
dm-0  271226      0 47493248 2672152 1428507      0 274596928 1253484      0   1216
sde      762      0   72504     999      0      0       0       0      0      0
sdf        0      0       0       0      0      0       0       0      0      0
dm-1  111948      0 95964171 1047144 109465      0 686360138 14669216      0   1459
dm-2     336      0    9776     136   1655      0   13224   11576      0      3
dm-3   11313      0  899145   98792 276190      0 37132912 10315460      0   1357
loop0  31518      0 20724350  143834      0      0       0       0      0    144
loop1   1597      0   18940     574      0      0       0       0      0      0
loop2      0      0       0       0      0      0       0       0      0      0
loop3      0      0       0       0      0      0       0       0      0      0
loop4      0      0       0       0      0      0       0       0      0      0
loop5      0      0       0       0      0      0       0       0      0      0
loop6      0      0       0       0      0      0       0       0      0      0
loop7      0      0       0       0      0      0       0       0      0      0
zzz ***Sat Mar 6 11:28:18 EST 2021
disk- ------------reads------------ ------------writes----------- -----IO------
       total merged sectors      ms  total merged sectors      ms    cur    sec
sda   175013 101777 47852357  964977 1363027  92250 275939905 1408762      0   1302
sdb    11800    177 1009079   98895 220538  63523 35259416 8947591      0   1379
sdc   110199    391 96020381 1055846 311566  51388 686360138 50598019      0   2238
sdd      466      0   56769     995      0      0       0       0      0      1
sr0        0      0       0       0      0      0       0       0      0      0
dm-0  271226      0 47493248 2672152 1428534      0 274600224 1253496      0   1216
sde      762      0   72504     999      0      0       0       0      0      0
sdf        0      0       0       0      0      0       0       0      0      0
dm-1  111948      0 95964171 1047144 109465      0 686360138 14669216      0   1459
dm-2     336      0    9776     136   1655      0   13224   11576      0      3
dm-3   11313      0  899145   98792 276190      0 37132912 10315460      0   1357
loop0  31518      0 20724350  143834      0      0       0       0      0    144
loop1   1597      0   18940     574      0      0       0       0      0      0
loop2      0      0       0       0      0      0       0       0      0      0
loop3      0      0       0       0      0      0       0       0      0      0
loop4      0      0       0       0      0      0       0       0      0      0
loop5      0      0       0       0      0      0       0       0      0      0
loop6      0      0       0       0      0      0       0       0      0      0
loop7      0      0       0       0      0      0       0       0      0      0
zzz ***Sat Mar 6 11:28:48 EST 2021
disk- ------------reads------------ ------------writes----------- -----IO------
       total merged sectors      ms  total merged sectors      ms    cur    sec
sda   175013 101777 47852357  964977 1363054  92250 275943193 1408782      0   1302
sdb    11800    177 1009079   98895 220538  63523 35259416 8947591      0   1379
sdc   110199    391 96020381 1055846 311566  51388 686360138 50598019      0   2238
sdd      466      0   56769     995      0      0       0       0      0      1
sr0        0      0       0       0      0      0       0       0      0      0
dm-0  271226      0 47493248 2672152 1428561      0 274603512 1253504      0   1216
sde      762      0   72504     999      0      0       0       0      0      0
sdf        0      0       0       0      0      0       0       0      0      0
dm-1  111948      0 95964171 1047144 109465      0 686360138 14669216      0   1459
dm-2     336      0    9776     136   1655      0   13224   11576      0      3
dm-3   11313      0  899145   98792 276190      0 37132912 10315460      0   1357
loop0  31518      0 20724350  143834      0      0       0       0      0    144
loop1   1597      0   18940     574      0      0       0       0      0      0
loop2      0      0       0       0      0      0       0       0      0      0
loop3      0      0       0       0      0      0       0       0      0      0
loop4      0      0       0       0      0      0       0       0      0      0
loop5      0      0       0       0      0      0       0       0      0      0
loop6      0      0       0       0      0      0       0       0      0      0
loop7      0      0       0       0      0      0       0       0      0      0
zzz ***Sat Mar 6 11:29:19 EST 2021
disk- ------------reads------------ ------------writes----------- -----IO------
       total merged sectors      ms  total merged sectors      ms    cur    sec
sda   175013 101777 47852357  964977 1363088  92250 275947881 1408816      0   1302
sdb    11800    177 1009079   98895 220538  63523 35259416 8947591      0   1379
sdc   110199    391 96020381 1055846 311566  51388 686360138 50598019      0   2238
sdd      466      0   56769     995      0      0       0       0      0      1
sr0        0      0       0       0      0      0       0       0      0      0
dm-0  271226      0 47493248 2672152 1428595      0 274608200 1253520      0   1216
sde      762      0   72504     999      0      0       0       0      0      0
sdf        0      0       0       0      0      0       0       0      0      0
dm-1  111948      0 95964171 1047144 109465      0 686360138 14669216      0   1459
dm-2     336      0    9776     136   1655      0   13224   11576      0      3
dm-3   11313      0  899145   98792 276190      0 37132912 10315460      0   1357
loop0  31518      0 20724350  143834      0      0       0       0      0    144
loop1   1597      0   18940     574      0      0       0       0      0      0
loop2      0      0       0       0      0      0       0       0      0      0
loop3      0      0       0       0      0      0       0       0      0      0
loop4      0      0       0       0      0      0       0       0      0      0
loop5      0      0       0       0      0      0       0       0      0      0
loop6      0      0       0       0      0      0       0       0      0      0
loop7      0      0       0       0      0      0       0       0      0      0
zzz ***Sat Mar 6 11:29:49 EST 2021
disk- ------------reads------------ ------------writes----------- -----IO------
       total merged sectors      ms  total merged sectors      ms    cur    sec
sda   175021 101777 47852677  964981 1363115  92250 275952033 1408840      0   1302
sdb    11800    177 1009079   98895 220538  63523 35259416 8947591      0   1379
sdc   110199    391 96020381 1055846 311566  51388 686360138 50598019      0   2238
sdd      466      0   56769     995      0      0       0       0      0      1
sr0        0      0       0       0      0      0       0       0      0      0
dm-0  271234      0 47493568 2672160 1428622      0 274612352 1253532      0   1217
sde      762      0   72504     999      0      0       0       0      0      0
sdf        0      0       0       0      0      0       0       0      0      0
dm-1  111948      0 95964171 1047144 109465      0 686360138 14669216      0   1459
dm-2     336      0    9776     136   1655      0   13224   11576      0      3
dm-3   11313      0  899145   98792 276190      0 37132912 10315460      0   1357
loop0  31518      0 20724350  143834      0      0       0       0      0    144
loop1   1597      0   18940     574      0      0       0       0      0      0
loop2      0      0       0       0      0      0       0       0      0      0
loop3      0      0       0       0      0      0       0       0      0      0
loop4      0      0       0       0      0      0       0       0      0      0
loop5      0      0       0       0      0      0       0       0      0      0
loop6      0      0       0       0      0      0       0       0      0      0
loop7      0      0       0       0      0      0       0       0      0      0
zzz ***Sat Mar 6 11:30:20 EST 2021
disk- ------------reads------------ ------------writes----------- -----IO------
       total merged sectors      ms  total merged sectors      ms    cur    sec
sda   175021 101777 47852677  964981 1363119  92250 275952057 1408849      0   1302
sdb    11800    177 1009079   98895 220545  63525 35259536 8947635      0   1379
sdc   110199    391 96020381 1055846 311566  51388 686360138 50598019      0   2238
sdd      466      0   56769     995      0      0       0       0      0      1
sr0        0      0       0       0      0      0       0       0      0      0
dm-0  271234      0 47493568 2672160 1428624      0 274612368 1253532      0   1217
sde      762      0   72504     999      0      0       0       0      0      0
sdf        0      0       0       0      0      0       0       0      0      0
dm-1  111948      0 95964171 1047144 109465      0 686360138 14669216      0   1459
dm-2     336      0    9776     136   1655      0   13224   11576      0      3
dm-3   11313      0  899145   98792 276200      0 37133080 10315500      0   1357
loop0  31518      0 20724350  143834      0      0       0       0      0    144
loop1   1597      0   18940     574      0      0       0       0      0      0
loop2      0      0       0       0      0      0       0       0      0      0
loop3      0      0       0       0      0      0       0       0      0      0
loop4      0      0       0       0      0      0       0       0      0      0
loop5      0      0       0       0      0      0       0       0      0      0
loop6      0      0       0       0      0      0       0       0      0      0
loop7      0      0       0       0      0      0       0       0      0      0
zzz ***Sat Mar 6 11:30:48 EST 2021
disk- ------------reads------------ ------------writes----------- -----IO------
       total merged sectors      ms  total merged sectors      ms    cur    sec
sda   175021 101777 47852677  964981 1363159  92251 275955777 1408886      0   1302
sdb    11800    177 1009079   98895 220562  63528 35259928 8947804      0   1379
sdc   110199    391 96020381 1055846 311566  51388 686360138 50598019      0   2238
sdd      466      0   56769     995      0      0       0       0      0      1
sr0        0      0       0       0      0      0       0       0      0      0
dm-0  271234      0 47493568 2672160 1428661      0 274616040 1253548      0   1217
sde      762      0   72504     999      0      0       0       0      0      0
sdf        0      0       0       0      0      0       0       0      0      0
dm-1  111948      0 95964171 1047144 109465      0 686360138 14669216      0   1459
dm-2     336      0    9776     136   1655      0   13224   11576      0      3
dm-3   11313      0  899145   98792 276223      0 37133552 10315648      0   1357
loop0  31518      0 20724350  143834      0      0       0       0      0    144
loop1   1597      0   18940     574      0      0       0       0      0      0
loop2      0      0       0       0      0      0       0       0      0      0
loop3      0      0       0       0      0      0       0       0      0      0
loop4      0      0       0       0      0      0       0       0      0      0
loop5      0      0       0       0      0      0       0       0      0      0
loop6      0      0       0       0      0      0       0       0      0      0
loop7      0      0       0       0      0      0       0       0      0      0
zzz ***Sat Mar 6 11:31:49 EST 2021
disk- ------------reads------------ ------------writes----------- -----IO------
       total merged sectors      ms  total merged sectors      ms    cur    sec
sda   175021 101777 47852677  964981 1363216  92252 275963033 1408946      0   1302
sdb    11800    177 1009079   98895 220590  63530 35260408 8948106      0   1380
sdc   110199    391 96020381 1055846 311566  51388 686360138 50598019      0   2238
sdd      466      0   56769     995      0      0       0       0      0      1
sr0        0      0       0       0      0      0       0       0      0      0
dm-0  271234      0 47493568 2672160 1428714      0 274623224 1253580      0   1217
sde      762      0   72504     999      0      0       0       0      0      0
sdf        0      0       0       0      0      0       0       0      0      0
dm-1  111948      0 95964171 1047144 109465      0 686360138 14669216      0   1459
dm-2     336      0    9776     136   1655      0   13224   11576      0      3
dm-3   11313      0  899145   98792 276256      0 37134136 10315916      0   1357
loop0  31518      0 20724350  143834      0      0       0       0      0    144
loop1   1597      0   18940     574      0      0       0       0      0      0
loop2      0      0       0       0      0      0       0       0      0      0
loop3      0      0       0       0      0      0       0       0      0      0
loop4      0      0       0       0      0      0       0       0      0      0
loop5      0      0       0       0      0      0       0       0      0      0
loop6      0      0       0       0      0      0       0       0      0      0
loop7      0      0       0       0      0      0       0       0      0      0
zzz ***Sat Mar 6 11:32:49 EST 2021
disk- ------------reads------------ ------------writes----------- -----IO------
       total merged sectors      ms  total merged sectors      ms    cur    sec
sda   175021 101777 47852677  964981 1363233  92252 275966265 1408969      0   1302
sdb    11800    177 1009079   98895 220604  63530 35260608 8948241      0   1380
sdc   110199    391 96020381 1055846 311566  51388 686360138 50598019      0   2238
sdd      466      0   56769     995      0      0       0       0      0      1
sr0        0      0       0       0      0      0       0       0      0      0
dm-0  271234      0 47493568 2672160 1428730      0 274626456 1253592      0   1217
sde      762      0   72504     999      0      0       0       0      0      0
sdf        0      0       0       0      0      0       0       0      0      0
dm-1  111948      0 95964171 1047144 109465      0 686360138 14669216      0   1459
dm-2     336      0    9776     136   1655      0   13224   11576      0      3
dm-3   11313      0  899145   98792 276270      0 37134344 10316036      0   1357
loop0  31518      0 20724350  143834      0      0       0       0      0    144
loop1   1597      0   18940     574      0      0       0       0      0      0
loop2      0      0       0       0      0      0       0       0      0      0
loop3      0      0       0       0      0      0       0       0      0      0
loop4      0      0       0       0      0      0       0       0      0      0
loop5      0      0       0       0      0      0       0       0      0      0
loop6      0      0       0       0      0      0       0       0      0      0
loop7      0      0       0       0      0      0       0       0      0      0
zzz ***Sat Mar 6 11:33:50 EST 2021
disk- ------------reads------------ ------------writes----------- -----IO------
       total merged sectors      ms  total merged sectors      ms    cur    sec
sda   175021 101777 47852677  964981 1363271  92252 275972785 1409009      0   1302
sdb    11800    177 1009079   98895 220610  63530 35260640 8948324      0   1380
sdc   110199    391 96020381 1055846 311566  51388 686360138 50598019      0   2238
sdd      466      0   56769     995      0      0       0       0      0      1
sr0        0      0       0       0      0      0       0       0      0      0
dm-0  271234      0 47493568 2672160 1428766      0 274632976 1253608      0   1217
sde      762      0   72504     999      0      0       0       0      0      0
sdf        0      0       0       0      0      0       0       0      0      0
dm-1  111948      0 95964171 1047144 109465      0 686360138 14669216      0   1459
dm-2     336      0    9776     136   1655      0   13224   11576      0      3
dm-3   11313      0  899145   98792 276276      0 37134392 10316120      0   1358
loop0  31518      0 20724350  143834      0      0       0       0      0    144
loop1   1597      0   18940     574      0      0       0       0      0      0
loop2      0      0       0       0      0      0       0       0      0      0
loop3      0      0       0       0      0      0       0       0      0      0
loop4      0      0       0       0      0      0       0       0      0      0
loop5      0      0       0       0      0      0       0       0      0      0
loop6      0      0       0       0      0      0       0       0      0      0
loop7      0      0       0       0      0      0       0       0      0      0
zzz ***Sat Mar 6 11:34:30 EST 2021
disk- ------------reads------------ ------------writes----------- -----IO------
       total merged sectors      ms  total merged sectors      ms    cur    sec
sda   175021 101777 47852677  964981 1363281  92254 275972953 1409024      0   1302
sdb    11800    177 1009079   98895 220613  63530 35260688 8948371      0   1380
sdc   110199    391 96020381 1055846 311566  51388 686360138 50598019      0   2238
sdd      466      0   56769     995      0      0       0       0      0      1
sr0        0      0       0       0      0      0       0       0      0      0
dm-0  271234      0 47493568 2672160 1428777      0 274633144 1253616      0   1217
sde      762      0   72504     999      0      0       0       0      0      0
sdf        0      0       0       0      0      0       0       0      0      0
dm-1  111948      0 95964171 1047144 109465      0 686360138 14669216      0   1459
dm-2     336      0    9776     136   1655      0   13224   11576      0      3
dm-3   11313      0  899145   98792 276279      0 37134480 10316168      0   1358
loop0  31518      0 20724350  143834      0      0       0       0      0    144
loop1   1597      0   18940     574      0      0       0       0      0      0
loop2      0      0       0       0      0      0       0       0      0      0
loop3      0      0       0       0      0      0       0       0      0      0
loop4      0      0       0       0      0      0       0       0      0      0
loop5      0      0       0       0      0      0       0       0      0      0
loop6      0      0       0       0      0      0       0       0      0      0
loop7      0      0       0       0      0      0       0       0      0      0
zzz ***Sat Mar 6 11:35:00 EST 2021
disk- ------------reads------------ ------------writes----------- -----IO------
       total merged sectors      ms  total merged sectors      ms    cur    sec
sda   175021 101777 47852677  964981 1363309  92256 275977889 1409063      0   1302
sdb    11800    177 1009079   98895 220640  63537 35261184 8948555      0   1380
sdc   110199    391 96020381 1055846 311566  51388 686360138 50598019      0   2238
sdd      466      0   56769     995      0      0       0       0      0      1
sr0        0      0       0       0      0      0       0       0      0      0
dm-0  271234      0 47493568 2672160 1428803      0 274638056 1253632      0   1217
sde      762      0   72504     999      0      0       0       0      0      0
sdf        0      0       0       0      0      0       0       0      0      0
dm-1  111948      0 95964171 1047144 109465      0 686360138 14669216      0   1459
dm-2     336      0    9776     136   1655      0   13224   11576      0      3
dm-3   11313      0  899145   98792 276316      0 37135024 10316296      0   1358
loop0  31518      0 20724350  143834      0      0       0       0      0    144
loop1   1597      0   18940     574      0      0       0       0      0      0
loop2      0      0       0       0      0      0       0       0      0      0
loop3      0      0       0       0      0      0       0       0      0      0
loop4      0      0       0       0      0      0       0       0      0      0
loop5      0      0       0       0      0      0       0       0      0      0
loop6      0      0       0       0      0      0       0       0      0      0
loop7      0      0       0       0      0      0       0       0      0      0
zzz ***Sat Mar 6 11:35:29 EST 2021
disk- ------------reads------------ ------------writes----------- -----IO------
       total merged sectors      ms  total merged sectors      ms    cur    sec
sda   175021 101777 47852677  964981 1363325  92256 275981233 1409080      0   1302
sdb    11800    177 1009079   98895 220660  63537 35261440 8948744      0   1380
sdc   110199    391 96020381 1055846 311566  51388 686360138 50598019      0   2238
sdd      466      0   56769     995      0      0       0       0      0      1
sr0        0      0       0       0      0      0       0       0      0      0
dm-0  271234      0 47493568 2672160 1428817      0 274641368 1253640      0   1217
sde      762      0   72504     999      0      0       0       0      0      0
sdf        0      0       0       0      0      0       0       0      0      0
dm-1  111948      0 95964171 1047144 109465      0 686360138 14669216      0   1459
dm-2     336      0    9776     136   1655      0   13224   11576      0      3
dm-3   11313      0  899145   98792 276337      0 37135328 10316444      0   1358
loop0  31518      0 20724350  143834      0      0       0       0      0    144
loop1   1597      0   18940     574      0      0       0       0      0      0
loop2      0      0       0       0      0      0       0       0      0      0
loop3      0      0       0       0      0      0       0       0      0      0
loop4      0      0       0       0      0      0       0       0      0      0
loop5      0      0       0       0      0      0       0       0      0      0
loop6      0      0       0       0      0      0       0       0      0      0
loop7      0      0       0       0      0      0       0       0      0      0
zzz ***Sat Mar 6 11:36:18 EST 2021
disk- ------------reads------------ ------------writes----------- -----IO------
       total merged sectors      ms  total merged sectors      ms    cur    sec
sda   175021 101777 47852677  964981 1363362  92257 275985705 1409126      0   1302
sdb    11800    177 1009079   98895 220670  63538 35261592 8948843      0   1380
sdc   110199    391 96020381 1055846 311566  51388 686360138 50598019      0   2238
sdd      466      0   56769     995      0      0       0       0      0      1
sr0        0      0       0       0      0      0       0       0      0      0
dm-0  271234      0 47493568 2672160 1428853      0 274645832 1253660      0   1217
sde      762      0   72504     999      0      0       0       0      0      0
sdf        0      0       0       0      0      0       0       0      0      0
dm-1  111948      0 95964171 1047144 109465      0 686360138 14669216      0   1459
dm-2     336      0    9776     136   1655      0   13224   11576      0      3
dm-3   11313      0  899145   98792 276349      0 37135496 10316536      0   1358
loop0  31518      0 20724350  143834      0      0       0       0      0    144
loop1   1597      0   18940     574      0      0       0       0      0      0
loop2      0      0       0       0      0      0       0       0      0      0
loop3      0      0       0       0      0      0       0       0      0      0
loop4      0      0       0       0      0      0       0       0      0      0
loop5      0      0       0       0      0      0       0       0      0      0
loop6      0      0       0       0      0      0       0       0      0      0
loop7      0      0       0       0      0      0       0       0      0      0
zzz ***Sat Mar 6 11:36:48 EST 2021
disk- ------------reads------------ ------------writes----------- -----IO------
       total merged sectors      ms  total merged sectors      ms    cur    sec
sda   175021 101777 47852677  964981 1363396  92258 275990153 1409171      0   1302
sdb    11800    177 1009079   98895 220673  63538 35261632 8948862      0   1380
sdc   110199    391 96020381 1055846 311566  51388 686360138 50598019      0   2238
sdd      466      0   56769     995      0      0       0       0      0      1
sr0        0      0       0       0      0      0       0       0      0      0
dm-0  271234      0 47493568 2672160 1428887      0 274650280 1253692      0   1217
sde      762      0   72504     999      0      0       0       0      0      0
sdf        0      0       0       0      0      0       0       0      0      0
dm-1  111948      0 95964171 1047144 109465      0 686360138 14669216      0   1459
dm-2     336      0    9776     136   1655      0   13224   11576      0      3
dm-3   11313      0  899145   98792 276352      0 37135568 10316556      0   1358
loop0  31518      0 20724350  143834      0      0       0       0      0    144
loop1   1597      0   18940     574      0      0       0       0      0      0
loop2      0      0       0       0      0      0       0       0      0      0
loop3      0      0       0       0      0      0       0       0      0      0
loop4      0      0       0       0      0      0       0       0      0      0
loop5      0      0       0       0      0      0       0       0      0      0
loop6      0      0       0       0      0      0       0       0      0      0
loop7      0      0       0       0      0      0       0       0      0      0
