zzz ***Sun Mar 7 06:37:57 EST 2021
disk- ------------reads------------ ------------writes----------- -----IO------
       total merged sectors      ms  total merged sectors      ms    cur    sec
sda   208578 101795 50342379  974505 1418066  98968 286327129 1464491      0   1362
sdb    12300    177 1057901   99544 227886  64775 35726264 9052530      0   1430
sdc   110279    391 96037140 1056243 311628  51392 686361251 50599153      0   2240
sdd      557      0   73640    1361      0      0       0       0      0      2
sr0        0      0       0       0      0      0       0       0      0      0
dm-0  303593      0 49873664 2680648 1488275      0 284981816 1312268      0   1271
sde      895      0   91848    1199      0      0       0       0      0      1
sdf        0      0       0       0      0      0       0       0      0      0
dm-1  111951      0 95964195 1047180 109531      0 686361251 14670336      0   1460
dm-2     401      0   11568     172   1655      0   13224   11576      0      3
dm-3   11416      0  902289   99180 284975      0 37621104 10403432      0   1406
loop0  31575      0 20726230  144300      0      0       0       0      0    144
loop1   1597      0   18940     574      0      0       0       0      0      0
loop2      0      0       0       0      0      0       0       0      0      0
loop3      0      0       0       0      0      0       0       0      0      0
loop4      0      0       0       0      0      0       0       0      0      0
loop5      0      0       0       0      0      0       0       0      0      0
loop6      0      0       0       0      0      0       0       0      0      0
loop7      0      0       0       0      0      0       0       0      0      0
zzz ***Sun Mar 7 06:38:27 EST 2021
disk- ------------reads------------ ------------writes----------- -----IO------
       total merged sectors      ms  total merged sectors      ms    cur    sec
sda   208578 101795 50342379  974505 1418078  98969 286331449 1464507      0   1362
sdb    12300    177 1057901   99544 227891  64775 35726312 9052576      0   1430
sdc   110279    391 96037140 1056243 311628  51392 686361251 50599153      0   2240
sdd      557      0   73640    1361      0      0       0       0      0      2
sr0        0      0       0       0      0      0       0       0      0      0
dm-0  303593      0 49873664 2680648 1488287      0 284986136 1312276      0   1271
sde      895      0   91848    1199      0      0       0       0      0      1
sdf        0      0       0       0      0      0       0       0      0      0
dm-1  111951      0 95964195 1047180 109531      0 686361251 14670336      0   1460
dm-2     401      0   11568     172   1655      0   13224   11576      0      3
dm-3   11416      0  902289   99180 284980      0 37621176 10403476      0   1406
loop0  31575      0 20726230  144300      0      0       0       0      0    144
loop1   1597      0   18940     574      0      0       0       0      0      0
loop2      0      0       0       0      0      0       0       0      0      0
loop3      0      0       0       0      0      0       0       0      0      0
loop4      0      0       0       0      0      0       0       0      0      0
loop5      0      0       0       0      0      0       0       0      0      0
loop6      0      0       0       0      0      0       0       0      0      0
loop7      0      0       0       0      0      0       0       0      0      0
zzz ***Sun Mar 7 06:38:57 EST 2021
disk- ------------reads------------ ------------writes----------- -----IO------
       total merged sectors      ms  total merged sectors      ms    cur    sec
sda   208578 101795 50342379  974505 1418096  98969 286334833 1464532      0   1362
sdb    12300    177 1057901   99544 227909  64776 35726560 9052759      0   1430
sdc   110279    391 96037140 1056243 311628  51392 686361251 50599153      0   2240
sdd      557      0   73640    1361      0      0       0       0      0      2
sr0        0      0       0       0      0      0       0       0      0      0
dm-0  303593      0 49873664 2680648 1488303      0 284989512 1312284      0   1271
sde      895      0   91848    1199      0      0       0       0      0      1
sdf        0      0       0       0      0      0       0       0      0      0
dm-1  111951      0 95964195 1047180 109531      0 686361251 14670336      0   1460
dm-2     401      0   11568     172   1655      0   13224   11576      0      3
dm-3   11416      0  902289   99180 285000      0 37621448 10403628      0   1406
loop0  31575      0 20726230  144300      0      0       0       0      0    144
loop1   1597      0   18940     574      0      0       0       0      0      0
loop2      0      0       0       0      0      0       0       0      0      0
loop3      0      0       0       0      0      0       0       0      0      0
loop4      0      0       0       0      0      0       0       0      0      0
loop5      0      0       0       0      0      0       0       0      0      0
loop6      0      0       0       0      0      0       0       0      0      0
loop7      0      0       0       0      0      0       0       0      0      0
zzz ***Sun Mar 7 06:39:28 EST 2021
disk- ------------reads------------ ------------writes----------- -----IO------
       total merged sectors      ms  total merged sectors      ms    cur    sec
sda   208578 101795 50342379  974505 1418099  98969 286334857 1464539      0   1362
sdb    12300    177 1057901   99544 227917  64776 35726672 9052768      0   1430
sdc   110279    391 96037140 1056243 311628  51392 686361251 50599153      0   2240
sdd      557      0   73640    1361      0      0       0       0      0      2
sr0        0      0       0       0      0      0       0       0      0      0
dm-0  303593      0 49873664 2680648 1488306      0 284989536 1312288      0   1271
sde      895      0   91848    1199      0      0       0       0      0      1
sdf        0      0       0       0      0      0       0       0      0      0
dm-1  111951      0 95964195 1047180 109531      0 686361251 14670336      0   1460
dm-2     401      0   11568     172   1655      0   13224   11576      0      3
dm-3   11416      0  902289   99180 285008      0 37621560 10403628      0   1406
loop0  31575      0 20726230  144300      0      0       0       0      0    144
loop1   1597      0   18940     574      0      0       0       0      0      0
loop2      0      0       0       0      0      0       0       0      0      0
loop3      0      0       0       0      0      0       0       0      0      0
loop4      0      0       0       0      0      0       0       0      0      0
loop5      0      0       0       0      0      0       0       0      0      0
loop6      0      0       0       0      0      0       0       0      0      0
loop7      0      0       0       0      0      0       0       0      0      0
zzz ***Sun Mar 7 06:39:58 EST 2021
disk- ------------reads------------ ------------writes----------- -----IO------
       total merged sectors      ms  total merged sectors      ms    cur    sec
sda   208578 101795 50342379  974505 1418113  98969 286338785 1464559      0   1362
sdb    12300    177 1057901   99544 227920  64776 35726688 9052809      0   1430
sdc   110279    391 96037140 1056243 311628  51392 686361251 50599153      0   2240
sdd      557      0   73640    1361      0      0       0       0      0      2
sr0        0      0       0       0      0      0       0       0      0      0
dm-0  303593      0 49873664 2680648 1488319      0 284993464 1312300      0   1271
sde      895      0   91848    1199      0      0       0       0      0      1
sdf        0      0       0       0      0      0       0       0      0      0
dm-1  111951      0 95964195 1047180 109531      0 686361251 14670336      0   1460
dm-2     401      0   11568     172   1655      0   13224   11576      0      3
dm-3   11416      0  902289   99180 285011      0 37621584 10403668      0   1406
loop0  31575      0 20726230  144300      0      0       0       0      0    144
loop1   1597      0   18940     574      0      0       0       0      0      0
loop2      0      0       0       0      0      0       0       0      0      0
loop3      0      0       0       0      0      0       0       0      0      0
loop4      0      0       0       0      0      0       0       0      0      0
loop5      0      0       0       0      0      0       0       0      0      0
loop6      0      0       0       0      0      0       0       0      0      0
loop7      0      0       0       0      0      0       0       0      0      0
zzz ***Sun Mar 7 06:40:29 EST 2021
disk- ------------reads------------ ------------writes----------- -----IO------
       total merged sectors      ms  total merged sectors      ms    cur    sec
sda   208578 101795 50342379  974505 1418123  98969 286341905 1464572      0   1362
sdb    12300    177 1057901   99544 227923  64776 35726704 9052852      0   1430
sdc   110279    391 96037140 1056243 311628  51392 686361251 50599153      0   2240
sdd      557      0   73640    1361      0      0       0       0      0      2
sr0        0      0       0       0      0      0       0       0      0      0
dm-0  303593      0 49873664 2680648 1488328      0 284996584 1312308      0   1271
sde      895      0   91848    1199      0      0       0       0      0      1
sdf        0      0       0       0      0      0       0       0      0      0
dm-1  111951      0 95964195 1047180 109531      0 686361251 14670336      0   1460
dm-2     401      0   11568     172   1655      0   13224   11576      0      3
dm-3   11416      0  902289   99180 285014      0 37621608 10403712      0   1407
loop0  31575      0 20726230  144300      0      0       0       0      0    144
loop1   1597      0   18940     574      0      0       0       0      0      0
loop2      0      0       0       0      0      0       0       0      0      0
loop3      0      0       0       0      0      0       0       0      0      0
loop4      0      0       0       0      0      0       0       0      0      0
loop5      0      0       0       0      0      0       0       0      0      0
loop6      0      0       0       0      0      0       0       0      0      0
loop7      0      0       0       0      0      0       0       0      0      0
zzz ***Sun Mar 7 06:40:59 EST 2021
disk- ------------reads------------ ------------writes----------- -----IO------
       total merged sectors      ms  total merged sectors      ms    cur    sec
sda   208578 101795 50342379  974505 1418134  98969 286345097 1464586      0   1362
sdb    12300    177 1057901   99544 227923  64776 35726704 9052852      0   1430
sdc   110279    391 96037140 1056243 311628  51392 686361251 50599153      0   2240
sdd      557      0   73640    1361      0      0       0       0      0      2
sr0        0      0       0       0      0      0       0       0      0      0
dm-0  303593      0 49873664 2680648 1488339      0 284999776 1312316      0   1271
sde      895      0   91848    1199      0      0       0       0      0      1
sdf        0      0       0       0      0      0       0       0      0      0
dm-1  111951      0 95964195 1047180 109531      0 686361251 14670336      0   1460
dm-2     401      0   11568     172   1655      0   13224   11576      0      3
dm-3   11416      0  902289   99180 285014      0 37621608 10403712      0   1407
loop0  31575      0 20726230  144300      0      0       0       0      0    144
loop1   1597      0   18940     574      0      0       0       0      0      0
loop2      0      0       0       0      0      0       0       0      0      0
loop3      0      0       0       0      0      0       0       0      0      0
loop4      0      0       0       0      0      0       0       0      0      0
loop5      0      0       0       0      0      0       0       0      0      0
loop6      0      0       0       0      0      0       0       0      0      0
loop7      0      0       0       0      0      0       0       0      0      0
zzz ***Sun Mar 7 06:41:30 EST 2021
disk- ------------reads------------ ------------writes----------- -----IO------
       total merged sectors      ms  total merged sectors      ms    cur    sec
sda   208578 101795 50342379  974505 1418135  98969 286345105 1464588      0   1362
sdb    12300    177 1057901   99544 227923  64776 35726704 9052852      0   1430
sdc   110279    391 96037140 1056243 311628  51392 686361251 50599153      0   2240
sdd      557      0   73640    1361      0      0       0       0      0      2
sr0        0      0       0       0      0      0       0       0      0      0
dm-0  303593      0 49873664 2680648 1488340      0 284999784 1312316      0   1271
sde      895      0   91848    1199      0      0       0       0      0      1
sdf        0      0       0       0      0      0       0       0      0      0
dm-1  111951      0 95964195 1047180 109531      0 686361251 14670336      0   1460
dm-2     401      0   11568     172   1655      0   13224   11576      0      3
dm-3   11416      0  902289   99180 285014      0 37621608 10403712      0   1407
loop0  31575      0 20726230  144300      0      0       0       0      0    144
loop1   1597      0   18940     574      0      0       0       0      0      0
loop2      0      0       0       0      0      0       0       0      0      0
loop3      0      0       0       0      0      0       0       0      0      0
loop4      0      0       0       0      0      0       0       0      0      0
loop5      0      0       0       0      0      0       0       0      0      0
loop6      0      0       0       0      0      0       0       0      0      0
loop7      0      0       0       0      0      0       0       0      0      0
zzz ***Sun Mar 7 06:42:00 EST 2021
disk- ------------reads------------ ------------writes----------- -----IO------
       total merged sectors      ms  total merged sectors      ms    cur    sec
sda   208578 101795 50342379  974505 1418145  98969 286348297 1464602      0   1362
sdb    12300    177 1057901   99544 227923  64776 35726704 9052852      0   1430
sdc   110279    391 96037140 1056243 311628  51392 686361251 50599153      0   2240
sdd      557      0   73640    1361      0      0       0       0      0      2
sr0        0      0       0       0      0      0       0       0      0      0
dm-0  303593      0 49873664 2680648 1488350      0 285002976 1312324      0   1271
sde      895      0   91848    1199      0      0       0       0      0      1
sdf        0      0       0       0      0      0       0       0      0      0
dm-1  111951      0 95964195 1047180 109531      0 686361251 14670336      0   1460
dm-2     401      0   11568     172   1655      0   13224   11576      0      3
dm-3   11416      0  902289   99180 285014      0 37621608 10403712      0   1407
loop0  31575      0 20726230  144300      0      0       0       0      0    144
loop1   1597      0   18940     574      0      0       0       0      0      0
loop2      0      0       0       0      0      0       0       0      0      0
loop3      0      0       0       0      0      0       0       0      0      0
loop4      0      0       0       0      0      0       0       0      0      0
loop5      0      0       0       0      0      0       0       0      0      0
loop6      0      0       0       0      0      0       0       0      0      0
loop7      0      0       0       0      0      0       0       0      0      0
zzz ***Sun Mar 7 06:42:31 EST 2021
disk- ------------reads------------ ------------writes----------- -----IO------
       total merged sectors      ms  total merged sectors      ms    cur    sec
sda   208578 101795 50342379  974505 1418157  98969 286351553 1464618      0   1362
sdb    12300    177 1057901   99544 227925  64776 35726720 9052895      0   1430
sdc   110279    391 96037140 1056243 311628  51392 686361251 50599153      0   2240
sdd      557      0   73640    1361      0      0       0       0      0      2
sr0        0      0       0       0      0      0       0       0      0      0
dm-0  303593      0 49873664 2680648 1488361      0 285006232 1312332      0   1271
sde      895      0   91848    1199      0      0       0       0      0      1
sdf        0      0       0       0      0      0       0       0      0      0
dm-1  111951      0 95964195 1047180 109531      0 686361251 14670336      0   1460
dm-2     401      0   11568     172   1655      0   13224   11576      0      3
dm-3   11416      0  902289   99180 285016      0 37621640 10403756      0   1407
loop0  31575      0 20726230  144300      0      0       0       0      0    144
loop1   1597      0   18940     574      0      0       0       0      0      0
loop2      0      0       0       0      0      0       0       0      0      0
loop3      0      0       0       0      0      0       0       0      0      0
loop4      0      0       0       0      0      0       0       0      0      0
loop5      0      0       0       0      0      0       0       0      0      0
loop6      0      0       0       0      0      0       0       0      0      0
loop7      0      0       0       0      0      0       0       0      0      0
zzz ***Sun Mar 7 06:43:01 EST 2021
disk- ------------reads------------ ------------writes----------- -----IO------
       total merged sectors      ms  total merged sectors      ms    cur    sec
sda   208578 101795 50342379  974505 1418172  98969 286354721 1464636      0   1362
sdb    12300    177 1057901   99544 227941  64777 35726944 9052997      0   1430
sdc   110279    391 96037140 1056243 311628  51392 686361251 50599153      0   2240
sdd      557      0   73640    1361      0      0       0       0      0      2
sr0        0      0       0       0      0      0       0       0      0      0
dm-0  303593      0 49873664 2680648 1488374      0 285009392 1312344      0   1271
sde      895      0   91848    1199      0      0       0       0      0      1
sdf        0      0       0       0      0      0       0       0      0      0
dm-1  111951      0 95964195 1047180 109531      0 686361251 14670336      0   1460
dm-2     401      0   11568     172   1655      0   13224   11576      0      3
dm-3   11416      0  902289   99180 285034      0 37621880 10403840      0   1407
loop0  31575      0 20726230  144300      0      0       0       0      0    144
loop1   1597      0   18940     574      0      0       0       0      0      0
loop2      0      0       0       0      0      0       0       0      0      0
loop3      0      0       0       0      0      0       0       0      0      0
loop4      0      0       0       0      0      0       0       0      0      0
loop5      0      0       0       0      0      0       0       0      0      0
loop6      0      0       0       0      0      0       0       0      0      0
loop7      0      0       0       0      0      0       0       0      0      0
zzz ***Sun Mar 7 06:43:32 EST 2021
disk- ------------reads------------ ------------writes----------- -----IO------
       total merged sectors      ms  total merged sectors      ms    cur    sec
sda   208578 101795 50342379  974505 1418175  98969 286354737 1464643      0   1362
sdb    12300    177 1057901   99544 227947  64777 35727008 9053079      0   1430
sdc   110279    391 96037140 1056243 311628  51392 686361251 50599153      0   2240
sdd      557      0   73640    1361      0      0       0       0      0      2
sr0        0      0       0       0      0      0       0       0      0      0
dm-0  303593      0 49873664 2680648 1488376      0 285009408 1312344      0   1271
sde      895      0   91848    1199      0      0       0       0      0      1
sdf        0      0       0       0      0      0       0       0      0      0
dm-1  111951      0 95964195 1047180 109531      0 686361251 14670336      0   1460
dm-2     401      0   11568     172   1655      0   13224   11576      0      3
dm-3   11416      0  902289   99180 285040      0 37621952 10403920      0   1407
loop0  31575      0 20726230  144300      0      0       0       0      0    144
loop1   1597      0   18940     574      0      0       0       0      0      0
loop2      0      0       0       0      0      0       0       0      0      0
loop3      0      0       0       0      0      0       0       0      0      0
loop4      0      0       0       0      0      0       0       0      0      0
loop5      0      0       0       0      0      0       0       0      0      0
loop6      0      0       0       0      0      0       0       0      0      0
loop7      0      0       0       0      0      0       0       0      0      0
zzz ***Sun Mar 7 06:44:02 EST 2021
disk- ------------reads------------ ------------writes----------- -----IO------
       total merged sectors      ms  total merged sectors      ms    cur    sec
sda   208578 101795 50342379  974505 1418187  98969 286357961 1464657      0   1362
sdb    12300    177 1057901   99544 227951  64777 35727064 9053082      0   1430
sdc   110279    391 96037140 1056243 311628  51392 686361251 50599153      0   2240
sdd      557      0   73640    1361      0      0       0       0      0      2
sr0        0      0       0       0      0      0       0       0      0      0
dm-0  303593      0 49873664 2680648 1488388      0 285012632 1312356      0   1271
sde      895      0   91848    1199      0      0       0       0      0      1
sdf        0      0       0       0      0      0       0       0      0      0
dm-1  111951      0 95964195 1047180 109531      0 686361251 14670336      0   1460
dm-2     401      0   11568     172   1655      0   13224   11576      0      3
dm-3   11416      0  902289   99180 285044      0 37622008 10403920      0   1407
loop0  31575      0 20726230  144300      0      0       0       0      0    144
loop1   1597      0   18940     574      0      0       0       0      0      0
loop2      0      0       0       0      0      0       0       0      0      0
loop3      0      0       0       0      0      0       0       0      0      0
loop4      0      0       0       0      0      0       0       0      0      0
loop5      0      0       0       0      0      0       0       0      0      0
loop6      0      0       0       0      0      0       0       0      0      0
loop7      0      0       0       0      0      0       0       0      0      0
zzz ***Sun Mar 7 06:44:33 EST 2021
disk- ------------reads------------ ------------writes----------- -----IO------
       total merged sectors      ms  total merged sectors      ms    cur    sec
sda   208578 101795 50342379  974505 1418215  98969 286362049 1464685      0   1362
sdb    12300    177 1057901   99544 227954  64777 35727080 9053124      0   1430
sdc   110279    391 96037140 1056243 311628  51392 686361251 50599153      0   2240
sdd      557      0   73640    1361      0      0       0       0      0      2
sr0        0      0       0       0      0      0       0       0      0      0
dm-0  303593      0 49873664 2680648 1488415      0 285016720 1312356      0   1271
sde      895      0   91848    1199      0      0       0       0      0      1
sdf        0      0       0       0      0      0       0       0      0      0
dm-1  111951      0 95964195 1047180 109531      0 686361251 14670336      0   1460
dm-2     401      0   11568     172   1655      0   13224   11576      0      3
dm-3   11416      0  902289   99180 285047      0 37622032 10403964      0   1407
loop0  31575      0 20726230  144300      0      0       0       0      0    144
loop1   1597      0   18940     574      0      0       0       0      0      0
loop2      0      0       0       0      0      0       0       0      0      0
loop3      0      0       0       0      0      0       0       0      0      0
loop4      0      0       0       0      0      0       0       0      0      0
loop5      0      0       0       0      0      0       0       0      0      0
loop6      0      0       0       0      0      0       0       0      0      0
loop7      0      0       0       0      0      0       0       0      0      0
zzz ***Sun Mar 7 06:45:03 EST 2021
disk- ------------reads------------ ------------writes----------- -----IO------
       total merged sectors      ms  total merged sectors      ms    cur    sec
sda   208578 101795 50342379  974505 1418217  98969 286362057 1464689      0   1362
sdb    12300    177 1057901   99544 227957  64777 35727096 9053169      0   1430
sdc   110279    391 96037140 1056243 311628  51392 686361251 50599153      0   2240
sdd      557      0   73640    1361      0      0       0       0      0      2
sr0        0      0       0       0      0      0       0       0      0      0
dm-0  303593      0 49873664 2680648 1488416      0 285016728 1312356      0   1271
sde      895      0   91848    1199      0      0       0       0      0      1
sdf        0      0       0       0      0      0       0       0      0      0
dm-1  111951      0 95964195 1047180 109531      0 686361251 14670336      0   1460
dm-2     401      0   11568     172   1655      0   13224   11576      0      3
dm-3   11416      0  902289   99180 285050      0 37622056 10404008      0   1407
loop0  31575      0 20726230  144300      0      0       0       0      0    144
loop1   1597      0   18940     574      0      0       0       0      0      0
loop2      0      0       0       0      0      0       0       0      0      0
loop3      0      0       0       0      0      0       0       0      0      0
loop4      0      0       0       0      0      0       0       0      0      0
loop5      0      0       0       0      0      0       0       0      0      0
loop6      0      0       0       0      0      0       0       0      0      0
loop7      0      0       0       0      0      0       0       0      0      0
zzz ***Sun Mar 7 06:45:34 EST 2021
disk- ------------reads------------ ------------writes----------- -----IO------
       total merged sectors      ms  total merged sectors      ms    cur    sec
sda   208578 101795 50342379  974505 1418232  98969 286365625 1464701      0   1362
sdb    12300    177 1057901   99544 227957  64777 35727096 9053169      0   1430
sdc   110279    391 96037140 1056243 311628  51392 686361251 50599153      0   2240
sdd      557      0   73640    1361      0      0       0       0      0      2
sr0        0      0       0       0      0      0       0       0      0      0
dm-0  303593      0 49873664 2680648 1488431      0 285020296 1312364      0   1271
sde      895      0   91848    1199      0      0       0       0      0      1
sdf        0      0       0       0      0      0       0       0      0      0
dm-1  111951      0 95964195 1047180 109531      0 686361251 14670336      0   1460
dm-2     401      0   11568     172   1655      0   13224   11576      0      3
dm-3   11416      0  902289   99180 285050      0 37622056 10404008      0   1407
loop0  31575      0 20726230  144300      0      0       0       0      0    144
loop1   1597      0   18940     574      0      0       0       0      0      0
loop2      0      0       0       0      0      0       0       0      0      0
loop3      0      0       0       0      0      0       0       0      0      0
loop4      0      0       0       0      0      0       0       0      0      0
loop5      0      0       0       0      0      0       0       0      0      0
loop6      0      0       0       0      0      0       0       0      0      0
loop7      0      0       0       0      0      0       0       0      0      0
zzz ***Sun Mar 7 06:46:04 EST 2021
disk- ------------reads------------ ------------writes----------- -----IO------
       total merged sectors      ms  total merged sectors      ms    cur    sec
sda   208578 101795 50342379  974505 1418233  98969 286365633 1464704      0   1362
sdb    12300    177 1057901   99544 227957  64777 35727096 9053169      0   1430
sdc   110279    391 96037140 1056243 311628  51392 686361251 50599153      0   2240
sdd      557      0   73640    1361      0      0       0       0      0      2
sr0        0      0       0       0      0      0       0       0      0      0
dm-0  303593      0 49873664 2680648 1488432      0 285020304 1312364      0   1271
sde      895      0   91848    1199      0      0       0       0      0      1
sdf        0      0       0       0      0      0       0       0      0      0
dm-1  111951      0 95964195 1047180 109531      0 686361251 14670336      0   1460
dm-2     401      0   11568     172   1655      0   13224   11576      0      3
dm-3   11416      0  902289   99180 285050      0 37622056 10404008      0   1407
loop0  31575      0 20726230  144300      0      0       0       0      0    144
loop1   1597      0   18940     574      0      0       0       0      0      0
loop2      0      0       0       0      0      0       0       0      0      0
loop3      0      0       0       0      0      0       0       0      0      0
loop4      0      0       0       0      0      0       0       0      0      0
loop5      0      0       0       0      0      0       0       0      0      0
loop6      0      0       0       0      0      0       0       0      0      0
loop7      0      0       0       0      0      0       0       0      0      0
zzz ***Sun Mar 7 06:46:35 EST 2021
disk- ------------reads------------ ------------writes----------- -----IO------
       total merged sectors      ms  total merged sectors      ms    cur    sec
sda   208578 101795 50342379  974505 1418246  98969 286368865 1464720      0   1362
sdb    12300    177 1057901   99544 227957  64777 35727096 9053169      0   1430
sdc   110279    391 96037140 1056243 311628  51392 686361251 50599153      0   2240
sdd      557      0   73640    1361      0      0       0       0      0      2
sr0        0      0       0       0      0      0       0       0      0      0
dm-0  303593      0 49873664 2680648 1488445      0 285023536 1312372      0   1272
sde      895      0   91848    1199      0      0       0       0      0      1
sdf        0      0       0       0      0      0       0       0      0      0
dm-1  111951      0 95964195 1047180 109531      0 686361251 14670336      0   1460
dm-2     401      0   11568     172   1655      0   13224   11576      0      3
dm-3   11416      0  902289   99180 285050      0 37622056 10404008      0   1407
loop0  31575      0 20726230  144300      0      0       0       0      0    144
loop1   1597      0   18940     574      0      0       0       0      0      0
loop2      0      0       0       0      0      0       0       0      0      0
loop3      0      0       0       0      0      0       0       0      0      0
loop4      0      0       0       0      0      0       0       0      0      0
loop5      0      0       0       0      0      0       0       0      0      0
loop6      0      0       0       0      0      0       0       0      0      0
loop7      0      0       0       0      0      0       0       0      0      0
zzz ***Sun Mar 7 06:47:05 EST 2021
disk- ------------reads------------ ------------writes----------- -----IO------
       total merged sectors      ms  total merged sectors      ms    cur    sec
sda   208578 101795 50342379  974505 1418260  98969 286372145 1464733      0   1362
sdb    12300    177 1057901   99544 227957  64777 35727096 9053169      0   1430
sdc   110279    391 96037140 1056243 311628  51392 686361251 50599153      0   2240
sdd      557      0   73640    1361      0      0       0       0      0      2
sr0        0      0       0       0      0      0       0       0      0      0
dm-0  303593      0 49873664 2680648 1488459      0 285026816 1312380      0   1272
sde      895      0   91848    1199      0      0       0       0      0      1
sdf        0      0       0       0      0      0       0       0      0      0
dm-1  111951      0 95964195 1047180 109531      0 686361251 14670336      0   1460
dm-2     401      0   11568     172   1655      0   13224   11576      0      3
dm-3   11416      0  902289   99180 285050      0 37622056 10404008      0   1407
loop0  31575      0 20726230  144300      0      0       0       0      0    144
loop1   1597      0   18940     574      0      0       0       0      0      0
loop2      0      0       0       0      0      0       0       0      0      0
loop3      0      0       0       0      0      0       0       0      0      0
loop4      0      0       0       0      0      0       0       0      0      0
loop5      0      0       0       0      0      0       0       0      0      0
loop6      0      0       0       0      0      0       0       0      0      0
loop7      0      0       0       0      0      0       0       0      0      0
zzz ***Sun Mar 7 06:47:36 EST 2021
disk- ------------reads------------ ------------writes----------- -----IO------
       total merged sectors      ms  total merged sectors      ms    cur    sec
sda   208578 101795 50342379  974505 1418262  98969 286372161 1464737      0   1362
sdb    12300    177 1057901   99544 227957  64777 35727096 9053169      0   1430
sdc   110279    391 96037140 1056243 311628  51392 686361251 50599153      0   2240
sdd      557      0   73640    1361      0      0       0       0      0      2
sr0        0      0       0       0      0      0       0       0      0      0
dm-0  303593      0 49873664 2680648 1488461      0 285026832 1312380      0   1272
sde      895      0   91848    1199      0      0       0       0      0      1
sdf        0      0       0       0      0      0       0       0      0      0
dm-1  111951      0 95964195 1047180 109531      0 686361251 14670336      0   1460
dm-2     401      0   11568     172   1655      0   13224   11576      0      3
dm-3   11416      0  902289   99180 285050      0 37622056 10404008      0   1407
loop0  31575      0 20726230  144300      0      0       0       0      0    144
loop1   1597      0   18940     574      0      0       0       0      0      0
loop2      0      0       0       0      0      0       0       0      0      0
loop3      0      0       0       0      0      0       0       0      0      0
loop4      0      0       0       0      0      0       0       0      0      0
loop5      0      0       0       0      0      0       0       0      0      0
loop6      0      0       0       0      0      0       0       0      0      0
loop7      0      0       0       0      0      0       0       0      0      0
zzz ***Sun Mar 7 06:48:06 EST 2021
disk- ------------reads------------ ------------writes----------- -----IO------
       total merged sectors      ms  total merged sectors      ms    cur    sec
sda   208578 101795 50342379  974505 1418273  98969 286375537 1464748      0   1362
sdb    12300    177 1057901   99544 227957  64777 35727096 9053169      0   1430
sdc   110279    391 96037140 1056243 311628  51392 686361251 50599153      0   2240
sdd      557      0   73640    1361      0      0       0       0      0      2
sr0        0      0       0       0      0      0       0       0      0      0
dm-0  303593      0 49873664 2680648 1488472      0 285030208 1312388      0   1272
sde      895      0   91848    1199      0      0       0       0      0      1
sdf        0      0       0       0      0      0       0       0      0      0
dm-1  111951      0 95964195 1047180 109531      0 686361251 14670336      0   1460
dm-2     401      0   11568     172   1655      0   13224   11576      0      3
dm-3   11416      0  902289   99180 285050      0 37622056 10404008      0   1407
loop0  31575      0 20726230  144300      0      0       0       0      0    144
loop1   1597      0   18940     574      0      0       0       0      0      0
loop2      0      0       0       0      0      0       0       0      0      0
loop3      0      0       0       0      0      0       0       0      0      0
loop4      0      0       0       0      0      0       0       0      0      0
loop5      0      0       0       0      0      0       0       0      0      0
loop6      0      0       0       0      0      0       0       0      0      0
loop7      0      0       0       0      0      0       0       0      0      0
zzz ***Sun Mar 7 06:48:37 EST 2021
disk- ------------reads------------ ------------writes----------- -----IO------
       total merged sectors      ms  total merged sectors      ms    cur    sec
sda   208578 101795 50342379  974505 1418274  98969 286375545 1464750      0   1362
sdb    12300    177 1057901   99544 227957  64777 35727096 9053169      0   1430
sdc   110279    391 96037140 1056243 311628  51392 686361251 50599153      0   2240
sdd      557      0   73640    1361      0      0       0       0      0      2
sr0        0      0       0       0      0      0       0       0      0      0
dm-0  303593      0 49873664 2680648 1488473      0 285030216 1312388      0   1272
sde      895      0   91848    1199      0      0       0       0      0      1
sdf        0      0       0       0      0      0       0       0      0      0
dm-1  111951      0 95964195 1047180 109531      0 686361251 14670336      0   1460
dm-2     401      0   11568     172   1655      0   13224   11576      0      3
dm-3   11416      0  902289   99180 285050      0 37622056 10404008      0   1407
loop0  31575      0 20726230  144300      0      0       0       0      0    144
loop1   1597      0   18940     574      0      0       0       0      0      0
loop2      0      0       0       0      0      0       0       0      0      0
loop3      0      0       0       0      0      0       0       0      0      0
loop4      0      0       0       0      0      0       0       0      0      0
loop5      0      0       0       0      0      0       0       0      0      0
loop6      0      0       0       0      0      0       0       0      0      0
loop7      0      0       0       0      0      0       0       0      0      0
zzz ***Sun Mar 7 06:49:07 EST 2021
disk- ------------reads------------ ------------writes----------- -----IO------
       total merged sectors      ms  total merged sectors      ms    cur    sec
sda   208578 101795 50342379  974505 1418294  98969 286378817 1464772      0   1362
sdb    12300    177 1057901   99544 227957  64777 35727096 9053169      0   1430
sdc   110279    391 96037140 1056243 311628  51392 686361251 50599153      0   2240
sdd      557      0   73640    1361      0      0       0       0      0      2
sr0        0      0       0       0      0      0       0       0      0      0
dm-0  303593      0 49873664 2680648 1488493      0 285033488 1312400      0   1272
sde      895      0   91848    1199      0      0       0       0      0      1
sdf        0      0       0       0      0      0       0       0      0      0
dm-1  111951      0 95964195 1047180 109531      0 686361251 14670336      0   1460
dm-2     401      0   11568     172   1655      0   13224   11576      0      3
dm-3   11416      0  902289   99180 285050      0 37622056 10404008      0   1407
loop0  31575      0 20726230  144300      0      0       0       0      0    144
loop1   1597      0   18940     574      0      0       0       0      0      0
loop2      0      0       0       0      0      0       0       0      0      0
loop3      0      0       0       0      0      0       0       0      0      0
loop4      0      0       0       0      0      0       0       0      0      0
loop5      0      0       0       0      0      0       0       0      0      0
loop6      0      0       0       0      0      0       0       0      0      0
loop7      0      0       0       0      0      0       0       0      0      0
zzz ***Sun Mar 7 06:49:38 EST 2021
disk- ------------reads------------ ------------writes----------- -----IO------
       total merged sectors      ms  total merged sectors      ms    cur    sec
sda   208578 101795 50342379  974505 1418311  98970 286382785 1464791      0   1362
sdb    12300    177 1057901   99544 227957  64777 35727096 9053169      0   1430
sdc   110279    391 96037140 1056243 311628  51392 686361251 50599153      0   2240
sdd      557      0   73640    1361      0      0       0       0      0      2
sr0        0      0       0       0      0      0       0       0      0      0
dm-0  303593      0 49873664 2680648 1488511      0 285037456 1312408      0   1272
sde      895      0   91848    1199      0      0       0       0      0      1
sdf        0      0       0       0      0      0       0       0      0      0
dm-1  111951      0 95964195 1047180 109531      0 686361251 14670336      0   1460
dm-2     401      0   11568     172   1655      0   13224   11576      0      3
dm-3   11416      0  902289   99180 285050      0 37622056 10404008      0   1407
loop0  31575      0 20726230  144300      0      0       0       0      0    144
loop1   1597      0   18940     574      0      0       0       0      0      0
loop2      0      0       0       0      0      0       0       0      0      0
loop3      0      0       0       0      0      0       0       0      0      0
loop4      0      0       0       0      0      0       0       0      0      0
loop5      0      0       0       0      0      0       0       0      0      0
loop6      0      0       0       0      0      0       0       0      0      0
loop7      0      0       0       0      0      0       0       0      0      0
zzz ***Sun Mar 7 06:50:08 EST 2021
disk- ------------reads------------ ------------writes----------- -----IO------
       total merged sectors      ms  total merged sectors      ms    cur    sec
sda   208578 101795 50342379  974505 1418326  98970 286385937 1464804      0   1362
sdb    12300    177 1057901   99544 227957  64777 35727096 9053169      0   1430
sdc   110279    391 96037140 1056243 311628  51392 686361251 50599153      0   2240
sdd      557      0   73640    1361      0      0       0       0      0      2
sr0        0      0       0       0      0      0       0       0      0      0
dm-0  303593      0 49873664 2680648 1488526      0 285040608 1312416      0   1272
sde      895      0   91848    1199      0      0       0       0      0      1
sdf        0      0       0       0      0      0       0       0      0      0
dm-1  111951      0 95964195 1047180 109531      0 686361251 14670336      0   1460
dm-2     401      0   11568     172   1655      0   13224   11576      0      3
dm-3   11416      0  902289   99180 285050      0 37622056 10404008      0   1407
loop0  31575      0 20726230  144300      0      0       0       0      0    144
loop1   1597      0   18940     574      0      0       0       0      0      0
loop2      0      0       0       0      0      0       0       0      0      0
loop3      0      0       0       0      0      0       0       0      0      0
loop4      0      0       0       0      0      0       0       0      0      0
loop5      0      0       0       0      0      0       0       0      0      0
loop6      0      0       0       0      0      0       0       0      0      0
loop7      0      0       0       0      0      0       0       0      0      0
